#
#Component attribute names
#
@0 .comp_mount_type
@1 .comp_height

# CMP 0
CMP 1 1.955 -2.165 180 N  Anybus_CC_B40 ;0=1,1=0.1732
TOP 0 2.558342 -1.540026 0 N 108 0 1
TOP 1 2.15185 -1.515394 0 N 0 3 1
TOP 2 2.15185 -2.814606 0 N 0 2 1
TOP 3 2.414642 -1.540026 0 N 107 0 2
TOP 4 2.558342 -1.590026 0 N 106 0 3
TOP 5 2.414642 -1.590026 0 N 105 0 4
TOP 6 2.558342 -1.640026 0 N 104 0 5
TOP 7 2.414642 -1.640026 0 N 103 0 6
TOP 8 2.558342 -1.690026 0 N 102 0 7
TOP 9 2.414642 -1.690026 0 N 101 0 8
TOP 10 2.558342 -1.740026 0 N 100 0 9
TOP 11 2.414642 -1.740026 0 N 99 0 10
TOP 12 2.558342 -1.790026 0 N 98 0 11
TOP 13 2.414642 -1.790026 0 N 97 0 12
TOP 14 2.558342 -1.840026 0 N 96 0 13
TOP 15 2.414642 -1.840026 0 N 95 0 14
TOP 16 2.558342 -1.890026 0 N 94 0 15
TOP 17 2.414642 -1.890026 0 N 93 0 16
TOP 18 2.558342 -1.940026 0 N 92 0 17
TOP 19 2.414642 -1.940026 0 N 91 0 18
TOP 20 2.558342 -1.990026 0 N 90 0 19
TOP 21 2.414642 -1.990026 0 N 89 0 20
TOP 22 2.558342 -2.040026 0 N 88 0 21
TOP 23 2.414642 -2.040026 0 N 87 0 22
TOP 24 2.558342 -2.090026 0 N 86 0 23
TOP 25 2.414642 -2.090026 0 N 85 0 24
TOP 26 2.558342 -2.140026 0 N 84 0 25
TOP 27 2.414642 -2.140026 0 N 83 0 26
TOP 28 2.558342 -2.190026 0 N 82 0 27
TOP 29 2.414642 -2.190026 0 N 81 0 28
TOP 30 2.558342 -2.240026 0 N 80 0 29
TOP 31 2.414642 -2.240026 0 N 79 0 30
TOP 32 2.558342 -2.290026 0 N 78 0 31
TOP 33 2.414642 -2.290026 0 N 77 0 32
TOP 34 2.558342 -2.340026 0 N 76 0 33
TOP 35 2.414642 -2.340026 0 N 75 0 34
TOP 36 2.558342 -2.390026 0 N 74 0 35
TOP 37 2.414642 -2.390026 0 N 73 0 36
TOP 38 2.558342 -2.440026 0 N 72 0 37
TOP 39 2.414642 -2.440026 0 N 71 0 38
TOP 40 2.558342 -2.490026 0 N 70 0 39
TOP 41 2.414642 -2.490026 0 N 69 0 40
TOP 42 2.558342 -2.540026 0 N 68 0 41
TOP 43 2.414642 -2.540026 0 N 67 0 42
TOP 44 2.558342 -2.590026 0 N 66 0 43
TOP 45 2.414642 -2.590026 0 N 65 0 44
TOP 46 2.558342 -2.640026 0 N 64 0 45
TOP 47 2.414642 -2.640026 0 N 63 0 46
TOP 48 2.558342 -2.690026 0 N 62 0 47
TOP 49 2.414642 -2.690026 0 N 61 0 48
TOP 50 2.558342 -2.740026 0 N 60 0 49
TOP 51 2.414642 -2.740026 0 N 59 0 50
TOP 52 2.558342 -2.790026 0 N 58 0 51
TOP 53 2.414642 -2.790026 0 N 57 0 52
TOP 54 1.495358 -1.49 0 N 56 0 101
TOP 55 1.351658 -1.49 0 N 55 0 102
TOP 56 1.495358 -1.54 0 N 54 0 103
TOP 57 1.351658 -1.54 0 N 53 0 104
TOP 58 1.495358 -1.59 0 N 52 0 105
TOP 59 1.351658 -1.59 0 N 51 0 106
TOP 60 1.495358 -1.64 0 N 50 0 107
TOP 61 1.351658 -1.64 0 N 49 0 108
TOP 62 1.495358 -1.69 0 N 48 0 109
TOP 63 1.351658 -1.69 0 N 47 0 110
TOP 64 1.495358 -1.74 0 N 46 0 111
TOP 65 1.351658 -1.74 0 N 45 0 112
TOP 66 1.495358 -1.79 0 N 44 0 113
TOP 67 1.351658 -1.79 0 N 43 0 114
TOP 68 1.495358 -1.84 0 N 42 0 115
TOP 69 1.351658 -1.84 0 N 41 0 116
TOP 70 1.495358 -1.89 0 N 40 0 117
TOP 71 1.351658 -1.89 0 N 39 0 118
TOP 72 1.495358 -1.94 0 N 38 0 119
TOP 73 1.351658 -1.94 0 N 37 0 120
TOP 74 1.495358 -1.99 0 N 36 0 121
TOP 75 1.351658 -1.99 0 N 35 0 122
TOP 76 1.495358 -2.04 0 N 34 0 123
TOP 77 1.351658 -2.04 0 N 33 0 124
TOP 78 1.495358 -2.09 0 N 32 0 125
TOP 79 1.351658 -2.09 0 N 31 1 126
TOP 80 1.495358 -2.14 0 N 30 0 127
TOP 81 1.351658 -2.14 0 N 29 0 128
TOP 82 1.495358 -2.19 0 N 28 0 129
TOP 83 1.351658 -2.19 0 N 27 0 130
TOP 84 1.495358 -2.24 0 N 26 0 131
TOP 85 1.351658 -2.24 0 N 25 0 132
TOP 86 1.495358 -2.29 0 N 24 0 133
TOP 87 1.351658 -2.29 0 N 23 0 134
TOP 88 1.495358 -2.34 0 N 22 0 135
TOP 89 1.351658 -2.34 0 N 21 0 136
TOP 90 1.495358 -2.39 0 N 20 0 137
TOP 91 1.351658 -2.39 0 N 19 0 138
TOP 92 1.495358 -2.44 0 N 18 0 139
TOP 93 1.351658 -2.44 0 N 17 0 140
TOP 94 1.495358 -2.49 0 N 16 0 141
TOP 95 1.351658 -2.49 0 N 15 0 142
TOP 96 1.495358 -2.54 0 N 14 0 143
TOP 97 1.351658 -2.54 0 N 13 0 144
TOP 98 1.495358 -2.59 0 N 12 0 145
TOP 99 1.351658 -2.59 0 N 11 0 146
TOP 100 1.495358 -2.64 0 N 10 0 147
TOP 101 1.351658 -2.64 0 N 9 0 148
TOP 102 1.495358 -2.69 0 N 8 0 149
TOP 103 1.351658 -2.69 0 N 7 0 150
TOP 104 1.495358 -2.74 0 N 6 0 151
TOP 105 1.351658 -2.74 0 N 5 0 152
TOP 106 1.495358 -2.79 0 N 4 0 153
TOP 107 1.351658 -2.79 0 N 3 0 154
TOP 108 1.495358 -2.84 0 N 1 0 155
TOP 109 1.351658 -2.84 0 N 2 0 156
#
